-1.0112e+01 -1.0048e+01 0.0000e+00
-1.0048e+01 -9.9840e+00 1.6000e+01
-9.9840e+00 -9.9200e+00 5.3000e+01
-9.9200e+00 -9.8560e+00 5.3000e+01
-9.8560e+00 -9.7920e+00 5.6000e+01
-9.7920e+00 -9.7280e+00 5.9000e+01
-9.7280e+00 -9.6640e+00 5.3000e+01
-9.6640e+00 -9.6000e+00 5.9000e+01
-9.6000e+00 -9.5360e+00 5.3000e+01
-9.5360e+00 -9.4720e+00 4.8000e+01
-9.4720e+00 -9.4080e+00 6.3000e+01
-9.4080e+00 -9.3440e+00 5.1000e+01
-9.3440e+00 -9.2800e+00 5.8000e+01
-9.2800e+00 -9.2160e+00 5.9000e+01
-9.2160e+00 -9.1520e+00 5.3000e+01
-9.1520e+00 -9.0880e+00 3.9000e+01
-9.0880e+00 -9.0240e+00 6.1000e+01
-9.0240e+00 -8.9600e+00 4.8000e+01
-8.9600e+00 -8.8960e+00 4.8000e+01
-8.8960e+00 -8.8320e+00 5.3000e+01
-8.8320e+00 -8.7680e+00 6.0000e+01
-8.7680e+00 -8.7040e+00 5.0000e+01
-8.7040e+00 -8.6400e+00 3.7000e+01
-8.6400e+00 -8.5760e+00 4.7000e+01
-8.5760e+00 -8.5120e+00 6.0000e+01
-8.5120e+00 -8.4480e+00 4.6000e+01
-8.4480e+00 -8.3840e+00 3.8000e+01
-8.3840e+00 -8.3200e+00 5.3000e+01
-8.3200e+00 -8.2560e+00 4.9000e+01
-8.2560e+00 -8.1920e+00 5.4000e+01
-8.1920e+00 -8.1280e+00 6.9000e+01
-8.1280e+00 -8.0640e+00 6.3000e+01
-8.0640e+00 -8.0000e+00 5.4000e+01
-8.0000e+00 -7.9360e+00 4.4000e+01
-7.9360e+00 -7.8720e+00 6.1000e+01
-7.8720e+00 -7.8080e+00 4.3000e+01
-7.8080e+00 -7.7440e+00 5.5000e+01
-7.7440e+00 -7.6800e+00 6.0000e+01
-7.6800e+00 -7.6160e+00 6.8000e+01
-7.6160e+00 -7.5520e+00 5.9000e+01
-7.5520e+00 -7.4880e+00 5.4000e+01
-7.4880e+00 -7.4240e+00 4.3000e+01
-7.4240e+00 -7.3600e+00 4.4000e+01
-7.3600e+00 -7.2960e+00 5.3000e+01
-7.2960e+00 -7.2320e+00 4.3000e+01
-7.2320e+00 -7.1680e+00 5.9000e+01
-7.1680e+00 -7.1040e+00 5.0000e+01
-7.1040e+00 -7.0400e+00 5.0000e+01
-7.0400e+00 -6.9760e+00 5.2000e+01
-6.9760e+00 -6.9120e+00 6.8000e+01
-6.9120e+00 -6.8480e+00 5.3000e+01
-6.8480e+00 -6.7840e+00 5.8000e+01
-6.7840e+00 -6.7200e+00 5.3000e+01
-6.7200e+00 -6.6560e+00 5.4000e+01
-6.6560e+00 -6.5920e+00 5.5000e+01
-6.5920e+00 -6.5280e+00 5.5000e+01
-6.5280e+00 -6.4640e+00 6.5000e+01
-6.4640e+00 -6.4000e+00 5.8000e+01
-6.4000e+00 -6.3360e+00 5.2000e+01
-6.3360e+00 -6.2720e+00 5.1000e+01
-6.2720e+00 -6.2080e+00 5.0000e+01
-6.2080e+00 -6.1440e+00 4.2000e+01
-6.1440e+00 -6.0800e+00 5.1000e+01
-6.0800e+00 -6.0160e+00 5.6000e+01
-6.0160e+00 -5.9520e+00 5.2000e+01
-5.9520e+00 -5.8880e+00 6.2000e+01
-5.8880e+00 -5.8240e+00 5.5000e+01
-5.8240e+00 -5.7600e+00 6.7000e+01
-5.7600e+00 -5.6960e+00 5.0000e+01
-5.6960e+00 -5.6320e+00 6.3000e+01
-5.6320e+00 -5.5680e+00 4.8000e+01
-5.5680e+00 -5.5040e+00 4.9000e+01
-5.5040e+00 -5.4400e+00 5.5000e+01
-5.4400e+00 -5.3760e+00 5.8000e+01
-5.3760e+00 -5.3120e+00 4.4000e+01
-5.3120e+00 -5.2480e+00 5.5000e+01
-5.2480e+00 -5.1840e+00 6.2000e+01
-5.1840e+00 -5.1200e+00 5.7000e+01
-5.1200e+00 -5.0560e+00 5.9000e+01
-5.0560e+00 -4.9920e+00 5.6000e+01
-4.9920e+00 -4.9280e+00 6.3000e+01
-4.9280e+00 -4.8640e+00 5.7000e+01
-4.8640e+00 -4.8000e+00 5.3000e+01
-4.8000e+00 -4.7360e+00 5.6000e+01
-4.7360e+00 -4.6720e+00 6.1000e+01
-4.6720e+00 -4.6080e+00 4.9000e+01
-4.6080e+00 -4.5440e+00 4.6000e+01
-4.5440e+00 -4.4800e+00 5.3000e+01
-4.4800e+00 -4.4160e+00 6.0000e+01
-4.4160e+00 -4.3520e+00 6.0000e+01
-4.3520e+00 -4.2880e+00 6.2000e+01
-4.2880e+00 -4.2240e+00 5.4000e+01
-4.2240e+00 -4.1600e+00 4.2000e+01
-4.1600e+00 -4.0960e+00 5.7000e+01
-4.0960e+00 -4.0320e+00 5.2000e+01
-4.0320e+00 -3.9680e+00 5.8000e+01
-3.9680e+00 -3.9040e+00 4.5000e+01
-3.9040e+00 -3.8400e+00 6.3000e+01
-3.8400e+00 -3.7760e+00 5.7000e+01
-3.7760e+00 -3.7120e+00 6.9000e+01
-3.7120e+00 -3.6480e+00 6.2000e+01
-3.6480e+00 -3.5840e+00 5.7000e+01
-3.5840e+00 -3.5200e+00 6.0000e+01
-3.5200e+00 -3.4560e+00 5.2000e+01
-3.4560e+00 -3.3920e+00 5.5000e+01
-3.3920e+00 -3.3280e+00 6.3000e+01
-3.3280e+00 -3.2640e+00 7.4000e+01
-3.2640e+00 -3.2000e+00 6.4000e+01
-3.2000e+00 -3.1360e+00 5.4000e+01
-3.1360e+00 -3.0720e+00 6.5000e+01
-3.0720e+00 -3.0080e+00 5.7000e+01
-3.0080e+00 -2.9440e+00 7.0000e+01
-2.9440e+00 -2.8800e+00 5.9000e+01
-2.8800e+00 -2.8160e+00 5.5000e+01
-2.8160e+00 -2.7520e+00 6.3000e+01
-2.7520e+00 -2.6880e+00 4.8000e+01
-2.6880e+00 -2.6240e+00 4.9000e+01
-2.6240e+00 -2.5600e+00 7.3000e+01
-2.5600e+00 -2.4960e+00 5.7000e+01
-2.4960e+00 -2.4320e+00 5.4000e+01
-2.4320e+00 -2.3680e+00 5.5000e+01
-2.3680e+00 -2.3040e+00 6.5000e+01
-2.3040e+00 -2.2400e+00 5.5000e+01
-2.2400e+00 -2.1760e+00 5.9000e+01
-2.1760e+00 -2.1120e+00 5.6000e+01
-2.1120e+00 -2.0480e+00 5.1000e+01
-2.0480e+00 -1.9840e+00 6.3000e+01
-1.9840e+00 -1.9200e+00 5.1000e+01
-1.9200e+00 -1.8560e+00 6.1000e+01
-1.8560e+00 -1.7920e+00 5.1000e+01
-1.7920e+00 -1.7280e+00 7.3000e+01
-1.7280e+00 -1.6640e+00 6.0000e+01
-1.6640e+00 -1.6000e+00 6.1000e+01
-1.6000e+00 -1.5360e+00 5.5000e+01
-1.5360e+00 -1.4720e+00 5.4000e+01
-1.4720e+00 -1.4080e+00 5.0000e+01
-1.4080e+00 -1.3440e+00 6.8000e+01
-1.3440e+00 -1.2800e+00 6.2000e+01
-1.2800e+00 -1.2160e+00 5.8000e+01
-1.2160e+00 -1.1520e+00 6.7000e+01
-1.1520e+00 -1.0880e+00 7.3000e+01
-1.0880e+00 -1.0240e+00 5.5000e+01
-1.0240e+00 -9.6000e-01 7.2000e+01
-9.6000e-01 -8.9600e-01 6.2000e+01
-8.9600e-01 -8.3200e-01 7.2000e+01
-8.3200e-01 -7.6800e-01 7.0000e+01
-7.6800e-01 -7.0400e-01 5.9000e+01
-7.0400e-01 -6.4000e-01 6.7000e+01
-6.4000e-01 -5.7600e-01 7.3000e+01
-5.7600e-01 -5.1200e-01 5.4000e+01
-5.1200e-01 -4.4800e-01 4.9000e+01
-4.4800e-01 -3.8400e-01 6.5000e+01
-3.8400e-01 -3.2000e-01 5.4000e+01
-3.2000e-01 -2.5600e-01 5.7000e+01
-2.5600e-01 -1.9200e-01 7.4000e+01
-1.9200e-01 -1.2800e-01 5.4000e+01
-1.2800e-01 -6.4000e-02 6.5000e+01
-6.4000e-02 0.0000e+00 8.1000e+01
0.0000e+00 6.4000e-02 8.7000e+01
6.4000e-02 1.2800e-01 1.8100e+02
1.2800e-01 1.9200e-01 2.2900e+02
1.9200e-01 2.5600e-01 2.4600e+02
2.5600e-01 3.2000e-01 2.1800e+02
3.2000e-01 3.8400e-01 1.8900e+02
3.8400e-01 4.4800e-01 1.7100e+02
4.4800e-01 5.1200e-01 1.6000e+02
5.1200e-01 5.7600e-01 1.5900e+02
5.7600e-01 6.4000e-01 1.2300e+02
6.4000e-01 7.0400e-01 1.1100e+02
7.0400e-01 7.6800e-01 9.5000e+01
7.6800e-01 8.3200e-01 7.4000e+01
8.3200e-01 8.9600e-01 7.4000e+01
8.9600e-01 9.6000e-01 5.9000e+01
9.6000e-01 1.0240e+00 7.5000e+01
1.0240e+00 1.0880e+00 8.9000e+01
1.0880e+00 1.1520e+00 1.7000e+02
1.1520e+00 1.2160e+00 2.2100e+02
1.2160e+00 1.2800e+00 1.9600e+02
1.2800e+00 1.3440e+00 1.8900e+02
1.3440e+00 1.4080e+00 1.7200e+02
1.4080e+00 1.4720e+00 1.6700e+02
1.4720e+00 1.5360e+00 1.5400e+02
1.5360e+00 1.6000e+00 1.5800e+02
1.6000e+00 1.6640e+00 1.2300e+02
1.6640e+00 1.7280e+00 1.1700e+02
1.7280e+00 1.7920e+00 1.6300e+02
1.7920e+00 1.8560e+00 1.7300e+02
1.8560e+00 1.9200e+00 1.7100e+02
1.9200e+00 1.9840e+00 1.9000e+02
1.9840e+00 2.0480e+00 1.5300e+02
2.0480e+00 2.1120e+00 1.3500e+02
2.1120e+00 2.1760e+00 1.0900e+02
2.1760e+00 2.2400e+00 1.0500e+02
2.2400e+00 2.3040e+00 8.5000e+01
2.3040e+00 2.3680e+00 1.0300e+02
2.3680e+00 2.4320e+00 1.2300e+02
2.4320e+00 2.4960e+00 1.4500e+02
2.4960e+00 2.5600e+00 1.3200e+02
2.5600e+00 2.6240e+00 1.2000e+02
2.6240e+00 2.6880e+00 1.1300e+02
2.6880e+00 2.7520e+00 1.0800e+02
2.7520e+00 2.8160e+00 1.0800e+02
2.8160e+00 2.8800e+00 1.3600e+02
2.8800e+00 2.9440e+00 1.0400e+02
2.9440e+00 3.0080e+00 8.5000e+01
3.0080e+00 3.0720e+00 8.8000e+01
3.0720e+00 3.1360e+00 5.7000e+01
3.1360e+00 3.2000e+00 5.3000e+01
3.2000e+00 3.2640e+00 7.1000e+01
3.2640e+00 3.3280e+00 6.0000e+01
3.3280e+00 3.3920e+00 7.7000e+01
3.3920e+00 3.4560e+00 6.7000e+01
3.4560e+00 3.5200e+00 6.0000e+01
3.5200e+00 3.5840e+00 7.4000e+01
3.5840e+00 3.6480e+00 8.3000e+01
3.6480e+00 3.7120e+00 7.0000e+01
3.7120e+00 3.7760e+00 7.5000e+01
3.7760e+00 3.8400e+00 9.0000e+01
3.8400e+00 3.9040e+00 5.8000e+01
3.9040e+00 3.9680e+00 7.4000e+01
3.9680e+00 4.0320e+00 8.3000e+01
4.0320e+00 4.0960e+00 7.7000e+01
4.0960e+00 4.1600e+00 6.3000e+01
4.1600e+00 4.2240e+00 6.2000e+01
4.2240e+00 4.2880e+00 5.8000e+01
4.2880e+00 4.3520e+00 6.9000e+01
4.3520e+00 4.4160e+00 4.7000e+01
4.4160e+00 4.4800e+00 6.9000e+01
4.4800e+00 4.5440e+00 6.8000e+01
4.5440e+00 4.6080e+00 7.8000e+01
4.6080e+00 4.6720e+00 7.8000e+01
4.6720e+00 4.7360e+00 6.8000e+01
4.7360e+00 4.8000e+00 7.7000e+01
4.8000e+00 4.8640e+00 6.4000e+01
4.8640e+00 4.9280e+00 8.2000e+01
4.9280e+00 4.9920e+00 6.8000e+01
4.9920e+00 5.0560e+00 6.3000e+01
5.0560e+00 5.1200e+00 7.2000e+01
5.1200e+00 5.1840e+00 6.6000e+01
5.1840e+00 5.2480e+00 8.2000e+01
5.2480e+00 5.3120e+00 7.7000e+01
5.3120e+00 5.3760e+00 7.5000e+01
5.3760e+00 5.4400e+00 7.0000e+01
5.4400e+00 5.5040e+00 7.5000e+01
5.5040e+00 5.5680e+00 5.8000e+01
5.5680e+00 5.6320e+00 8.1000e+01
5.6320e+00 5.6960e+00 7.0000e+01
5.6960e+00 5.7600e+00 8.2000e+01
5.7600e+00 5.8240e+00 8.0000e+01
5.8240e+00 5.8880e+00 6.8000e+01
5.8880e+00 5.9520e+00 7.3000e+01
5.9520e+00 6.0160e+00 6.7000e+01
6.0160e+00 6.0800e+00 7.2000e+01
6.0800e+00 6.1440e+00 8.5000e+01
6.1440e+00 6.2080e+00 8.1000e+01
6.2080e+00 6.2720e+00 1.0300e+02
6.2720e+00 6.3360e+00 6.0000e+01
6.3360e+00 6.4000e+00 7.5000e+01
6.4000e+00 6.4640e+00 8.6000e+01
6.4640e+00 6.5280e+00 7.0000e+01
6.5280e+00 6.5920e+00 7.1000e+01
6.5920e+00 6.6560e+00 7.5000e+01
6.6560e+00 6.7200e+00 7.4000e+01
6.7200e+00 6.7840e+00 7.0000e+01
6.7840e+00 6.8480e+00 7.5000e+01
6.8480e+00 6.9120e+00 7.7000e+01
6.9120e+00 6.9760e+00 6.7000e+01
6.9760e+00 7.0400e+00 7.2000e+01
7.0400e+00 7.1040e+00 8.2000e+01
7.1040e+00 7.1680e+00 7.4000e+01
7.1680e+00 7.2320e+00 7.2000e+01
7.2320e+00 7.2960e+00 7.8000e+01
7.2960e+00 7.3600e+00 8.3000e+01
7.3600e+00 7.4240e+00 7.4000e+01
7.4240e+00 7.4880e+00 8.5000e+01
7.4880e+00 7.5520e+00 7.0000e+01
7.5520e+00 7.6160e+00 8.3000e+01
7.6160e+00 7.6800e+00 6.6000e+01
7.6800e+00 7.7440e+00 7.1000e+01
7.7440e+00 7.8080e+00 7.8000e+01
7.8080e+00 7.8720e+00 7.8000e+01
7.8720e+00 7.9360e+00 7.4000e+01
7.9360e+00 8.0000e+00 5.9000e+01
8.0000e+00 8.0640e+00 6.5000e+01
8.0640e+00 8.1280e+00 7.7000e+01
8.1280e+00 8.1920e+00 7.3000e+01
8.1920e+00 8.2560e+00 8.0000e+01
8.2560e+00 8.3200e+00 7.5000e+01
8.3200e+00 8.3840e+00 9.3000e+01
8.3840e+00 8.4480e+00 9.7000e+01
8.4480e+00 8.5120e+00 9.7000e+01
8.5120e+00 8.5760e+00 7.6000e+01
8.5760e+00 8.6400e+00 7.6000e+01
8.6400e+00 8.7040e+00 8.4000e+01
8.7040e+00 8.7680e+00 9.2000e+01
8.7680e+00 8.8320e+00 7.1000e+01
8.8320e+00 8.8960e+00 8.6000e+01
8.8960e+00 8.9600e+00 9.4000e+01
8.9600e+00 9.0240e+00 7.0000e+01
9.0240e+00 9.0880e+00 1.0000e+02
9.0880e+00 9.1520e+00 7.7000e+01
9.1520e+00 9.2160e+00 7.1000e+01
9.2160e+00 9.2800e+00 5.9000e+01
9.2800e+00 9.3440e+00 8.1000e+01
9.3440e+00 9.4080e+00 8.8000e+01
9.4080e+00 9.4720e+00 8.5000e+01
9.4720e+00 9.5360e+00 7.1000e+01
9.5360e+00 9.6000e+00 8.4000e+01
9.6000e+00 9.6640e+00 8.7000e+01
9.6640e+00 9.7280e+00 6.2000e+01
9.7280e+00 9.7920e+00 7.4000e+01
9.7920e+00 9.8560e+00 8.0000e+01
9.8560e+00 9.9200e+00 8.6000e+01
9.9200e+00 9.9840e+00 8.2000e+01
